.Random.seed <-
c(403L, 251L, 371106851L, -1006593215L, -1317009872L, 152032334L, 
1093385401L, -11126581L, -336231046L, -1784809348L, -1605874497L, 
-170620523L, 1374192044L, -744852606L, -1369540259L, -56559529L, 
1013493566L, -1660856456L, 1040546907L, -1537971271L, 653023752L, 
100024502L, 1332115441L, 1692688931L, -680883598L, 149049540L, 
1776088711L, -1264701859L, 731402324L, -1357385094L, -187151931L, 
2146269983L, 114407078L, -739858384L, -199312685L, 1357172977L, 
-1795859424L, 549554878L, -1301578039L, -1438000005L, 2136781386L, 
1449068204L, 552583599L, -1280792219L, -622184676L, -1083950222L, 
127834093L, 1953585191L, -2957234L, -466090840L, -859411797L, 
-141467703L, -1028721704L, 1111315078L, 316457825L, -1588345101L, 
765442402L, -1057781804L, 1845670615L, 639359181L, -2063568796L, 
78061130L, -2069443659L, -1207290097L, -151763946L, -1355174208L, 
1087371395L, -1280944991L, 171358864L, 2077337966L, 997967641L, 
802470827L, 1017219482L, 2097253724L, -1675221921L, 1980144693L, 
-402487348L, 1825035042L, -1603383939L, -1514938761L, -669794L, 
-1751570856L, 1379651515L, 23093593L, -1189815576L, 1334338326L, 
-538155887L, -923813565L, 2130826322L, -150313244L, 1212752167L, 
-1535356547L, 1952716916L, -1189668262L, 1390737061L, 616768703L, 
-708200634L, 1624847824L, 38725619L, -170844399L, -2119147712L, 
327804702L, -1235150871L, -1422394085L, 324212522L, 161114188L, 
1541595151L, 1292020549L, -2077852420L, -50279598L, 517328077L, 
-444502905L, -963414162L, -1225832120L, 45313355L, 971370665L, 
1832759800L, -465354458L, -1489198527L, 2134821843L, 44530050L, 
-1199256140L, -334816969L, 991644717L, -1487455932L, -535007638L, 
1895090389L, 1465935471L, 327611254L, -198630240L, 2055617891L, 
-1974317567L, -592048784L, 1954876686L, -382775431L, -1070207221L, 
-2137657286L, 1440546620L, -20939649L, 255332309L, 841490924L, 
-2064854206L, -209683299L, -1901443817L, 1732099198L, 141284408L, 
533885723L, -936724359L, -1623940920L, 1405249782L, 1082865969L, 
30970211L, 1737917234L, -2081371004L, 138033351L, 1047569309L, 
1435879188L, -1439138374L, -494527483L, -1438092833L, -881019802L, 
-833793040L, 731458835L, 741790385L, -1753465504L, 959410942L, 
66793097L, 2008963515L, 994575242L, -1451791764L, 467313647L, 
-466252763L, -886483748L, 256486066L, -817197651L, 1035489639L, 
1215688334L, 315832168L, 553627499L, 80492809L, 827994008L, -1334208826L, 
-845257695L, -1493077837L, -284612062L, -893096940L, 714621079L, 
-1429900659L, 550118308L, -1540252278L, -632616459L, -1588222897L, 
1201046358L, 1983281664L, -277867709L, 2025009889L, 86696016L, 
-383221586L, 2054026329L, -1866021781L, -63075878L, -2035412324L, 
-1831883617L, 1164238581L, -670522484L, 2013114978L, -755153347L, 
-585537353L, 554784606L, 2118032024L, -463222277L, 2133357465L, 
-447329240L, 338017494L, 417524049L, 1753384963L, -1845325934L, 
358030628L, 152122343L, -1578874819L, -481151308L, -457319142L, 
411938405L, 1906402047L, 192477062L, -767325936L, -1850525261L, 
-302980527L, 1653092864L, -859738032L, -331056158L, 2008784744L, 
2006218572L, -1261850884L, -1147750670L, 291437824L, -161452940L, 
2145062408L, -582195782L, -96291376L, -1038190612L, 1208609684L, 
-1990260526L, -925940640L, -980284084L, -1530260704L, -1453745534L, 
-1522417176L, 558046188L, -1604747716L, 1559479922L, 217418608L, 
834501924L, -2068293064L, -1594216038L, -1157534256L, -1275025988L, 
1430040212L, 1387242114L, -487899712L, -635627716L, 725717648L, 
258307874L, 1976694280L, 862331660L, 1106322332L, -1861542894L, 
-1091146880L, 874953492L, -1104136920L, -1986392006L, 612746192L, 
-1352779156L, -1358345164L, 879743122L, 1220802912L, -970465972L, 
515429856L, -864494686L, 1099250600L, 906321036L, -59264068L, 
-5200782L, -570398736L, -1160166332L, -1263081384L, 1717952570L, 
1525147760L, 1606852156L, 1017227028L, -596751678L, 324391648L, 
-4946820L, -818574128L, -1958128734L, -755446232L, 1935515916L, 
-561854532L, 741323058L, -545032000L, 1202598452L, 1878137544L, 
572949178L, 752782480L, 1084524268L, 1439946324L, -1980373358L, 
1492731680L, -2019026996L, -481408800L, 1056689858L, 1731007528L, 
195132332L, 1157687996L, -83590670L, -1679358416L, -1565763676L, 
-1500241480L, -1540506790L, -1177561968L, -1453188228L, -1811243244L, 
2056658242L, 351227648L, 1602247612L, -387793072L, -1769348830L, 
1239927368L, 813520908L, 1487621212L, -1824353838L, -754125312L, 
1167192404L, -1748139800L, 1269805306L, 1676158672L, -1221801684L, 
-1543431948L, -1476235886L, 1704012128L, -1050925044L, -1939698976L, 
1409634L, -1172424024L, -1569244596L, 595666812L, 1283845426L, 
-1894300048L, -1095124156L, 1613875160L, 204504954L, 1825902128L, 
-1990084676L, -565103020L, 641820738L, -640425824L, -1838829892L, 
-68908592L, -1176911006L, 804225768L, 1980285132L, 1021665788L, 
-1207432718L, 1289280128L, 1042658804L, 234735240L, 1193131834L, 
-902216880L, -416492436L, 47831444L, -1303731118L, -1292047904L, 
1811528908L, -1839420256L, -1164348030L, 1330684136L, 298082028L, 
-61788868L, 554155122L, -342900624L, -5482460L, -813847496L, 
1344714522L, -1038271280L, -2121238724L, 856790932L, -761558142L, 
765931968L, -2061554116L, -844135024L, 1214539298L, 864918792L, 
1848395404L, -1856022756L, 526262418L, -1185830528L, -1936474604L, 
-1991102680L, -1864347078L, 1535677904L, 100845932L, 1057817524L, 
1691584530L, -6271520L, 107577292L, -294166304L, 327022626L, 
-385662680L, -1523327476L, 1315856188L, -1528677390L, 85396208L, 
-726931900L, -1606999464L, -1076101318L, -1113434640L, -1775366468L, 
1404770580L, -164865342L, -474690464L, 476132220L, 375752656L, 
784941346L, -1215247704L, -1020759156L, -1051187012L, -1523587278L, 
14740032L, -40622924L, 323123784L, 1248689594L, 710007312L, 386378476L, 
1072114004L, -1791590126L, -554066528L, 2083101388L, 1789460064L, 
60702658L, 1349009192L, 663293868L, -670518468L, 1137772914L, 
1005083440L, 1572160804L, -475923656L, -1590372646L, 610107280L, 
-894587140L, -311401580L, 79591490L, -1418640128L, -419077060L, 
968401232L, -46258014L, -78030520L, -1762494078L, 696011799L, 
660110049L, -1875704794L, -1750286044L, 1281262037L, 777256319L, 
1233519640L, 1495477046L, 2006134211L, -1904499707L, 1382473634L, 
278756240L, 438058809L, -1824379925L, 854449372L, -1038916342L, 
1830611967L, -822473143L, -421864482L, -1367768180L, -1090100387L, 
541967207L, -1679546224L, -501287250L, 1864586075L, -993123523L, 
1140402602L, 1093781064L, -297060751L, -487553053L, 2078241508L, 
923068946L, -1255154201L, 1150110129L, -1764458506L, 170107412L, 
1638796581L, -304243153L, -1502434328L, -1824408378L, 1632119155L, 
1779864021L, 1332831666L, -1810384000L, -1888280727L, 482399195L, 
1161878316L, 1355040058L, 679836655L, 1580011129L, -1254991602L, 
-891238180L, 88719181L, -467538249L, 701201472L, -843524834L, 
-643510293L, 1903260525L, -1369865766L, 1480006552L, 1974657537L, 
611881907L, 442348244L, -1244548126L, 1836041847L, -970489919L, 
-280601274L, -1989170044L, -1745898955L, -533595617L, -875455112L, 
1935694934L, -294084381L, 1653876389L, -1089483966L, 1467081008L, 
1088895321L, 857357003L, 1859871548L, -2096346262L, -1788368481L, 
1082761257L, -1029637442L, 1169243052L, 1159596285L, -339778489L, 
765002544L, -1092156338L, 1849550971L, -884003875L, 234549770L, 
-289114328L, -500586095L, 975187843L, -487521148L, -1101405518L, 
439481863L, 1998550609L, -475984426L, 2039046324L, 2076679365L, 
-840933873L, -326953336L, -448013402L, -1322314925L, 327367861L, 
1050950162L, -636790816L, 844335689L, 1802190971L, 1185091916L, 
-1414052646L, -688642865L, -802983783L, 1098280110L, 1130027452L, 
-279453139L, -205548073L, 505871392L, 774939006L, -1161597109L, 
2018473293L, 1126054778L, -17769032L, -103202975L, -602015981L, 
1067257652L, -577610430L, 173330775L, 383540385L, -1608792730L, 
171550564L, 175638165L, 1040105407L, -753974440L, 1317273974L, 
-507640957L, -231087675L, 2105321186L, 815458128L, 1133453945L, 
-1108408917L, -1328674020L, -725656502L, 1799096383L, 481122441L, 
